10 20
 0.000000  0.025208  0.052759  0.085461  0.127290  0.184738  0.269930  0.408826  1.000000  0.000000  0.000000  1.000000  0.408826  0.269930  0.184738  0.127290  0.085461  0.052759  0.025208  0.000000 
 0.000000  0.025208  0.052759  0.085461  0.127290  0.184738  0.269930  0.408826  0.665538  1.000000  1.000000  0.665538  0.408826  0.269930  0.184738  0.127290  0.085461  0.052759  0.025208  0.000000 
 0.000000  0.023452  0.048894  0.078616  0.115577  0.163930  0.229653  0.320463  0.439994  0.550133  0.550133  0.439994  0.320463  0.229653  0.163930  0.115577  0.078616  0.048894  0.023452  0.000000 
 0.000000  0.020622  0.042752  0.068020  0.098274  0.135583  0.181896  0.237620  0.297460  0.342003  0.342003  0.297460  0.237620  0.181896  0.135583  0.098274  0.068020  0.042752  0.020622  0.000000 
 0.000000  0.017179  0.035400  0.055711  0.079123  0.106444  0.137842  0.171888  0.203943  0.224880  0.224880  0.203943  0.171888  0.137842  0.106444  0.079123  0.055711  0.035400  0.017179  0.000000 
 0.000000  0.013487  0.027638  0.043074  0.060283  0.079463  0.100216  0.121094  0.139136  0.150026  0.150026  0.139136  0.121094  0.100216  0.079463  0.060283  0.043074  0.027638  0.013487  0.000000 
 0.000000  0.009801  0.019993  0.030916  0.042777  0.055537  0.068747  0.081366  0.091686  0.097629  0.097629  0.091686  0.081366  0.068747  0.055537  0.042777  0.030916  0.019993  0.009801  0.000000 
 0.000000  0.006277  0.012762  0.019624  0.026936  0.034611  0.042323  0.049447  0.055080  0.058237  0.058237  0.055080  0.049447  0.042323  0.034611  0.026936  0.019624  0.012762  0.006277  0.000000 
 0.000000  0.002998  0.006083  0.009322  0.012735  0.016266  0.019754  0.022916  0.025371  0.026727  0.026727  0.025371  0.022916  0.019754  0.016266  0.012735  0.009322  0.006083  0.002998  0.000000 
 0.000000  0.000000  0.000000  0.000000  0.000000  0.000000  0.000000  0.000000  0.000000  0.000000  0.000000  0.000000  0.000000  0.000000  0.000000  0.000000  0.000000  0.000000  0.000000  0.000000 
