10 20
 0.000000  0.032349  0.067704  0.109676  0.163370  0.237132  0.346565  0.525103  1.297344  0.000000  0.000000  1.297344  0.525103  0.346565  0.237132  0.163370  0.109676  0.067704  0.032349  0.000000 
 0.000000  0.032349  0.067704  0.109676  0.163370  0.237132  0.346565  0.525103  0.855421  1.279060  1.279060  0.855421  0.525103  0.346565  0.237132  0.163370  0.109676  0.067704  0.032349  0.000000 
 0.000000  0.030093  0.062742  0.100884  0.148319  0.210380  0.294737  0.411267  0.564468  0.704540  0.704540  0.564468  0.411267  0.294737  0.210380  0.148319  0.100884  0.062742  0.030093  0.000000 
 0.000000  0.026460  0.054856  0.087278  0.126097  0.173965  0.233373  0.304818  0.381439  0.438254  0.438254  0.381439  0.304818  0.233373  0.173965  0.126097  0.087278  0.054856  0.026460  0.000000 
 0.000000  0.022041  0.045420  0.071478  0.101511  0.136555  0.176818  0.220454  0.261496  0.288253  0.288253  0.261496  0.220454  0.176818  0.136555  0.101511  0.071478  0.045420  0.022041  0.000000 
 0.000000  0.017303  0.035458  0.055259  0.077333  0.101931  0.128539  0.155295  0.178400  0.192333  0.192333  0.178400  0.155295  0.128539  0.101931  0.077333  0.055259  0.035458  0.017303  0.000000 
 0.000000  0.012573  0.025649  0.039660  0.054872  0.071235  0.088171  0.104342  0.117562  0.125171  0.125171  0.117562  0.104342  0.088171  0.071235  0.054872  0.039660  0.025649  0.012573  0.000000 
 0.000000  0.008052  0.016372  0.025173  0.034551  0.044392  0.054279  0.063409  0.070626  0.074669  0.074669  0.070626  0.063409  0.054279  0.044392  0.034551  0.025173  0.016372  0.008052  0.000000 
 0.000000  0.003845  0.007803  0.011957  0.016334  0.020862  0.025334  0.029386  0.032532  0.034269  0.034269  0.032532  0.029386  0.025334  0.020862  0.016334  0.011957  0.007803  0.003845  0.000000 
 0.000000  0.000000  0.000000  0.000000  0.000000  0.000000  0.000000  0.000000  0.000000  0.000000  0.000000  0.000000  0.000000  0.000000  0.000000  0.000000  0.000000  0.000000  0.000000  0.000000 
